16
r1178016 0.0000e+00	9.9999e-01	9.9999e-01	9.9999e-01	1.0000e+00	1.0000e+00	9.9999e-01	9.9999e-01	9.9999e-01	9.9999e-01	9.9999e-01	9.9999e-01	1.0000e+00	9.9998e-01	9.9999e-01	9.9999e-01	
R990650 9.9999e-01	0.0000e+00	1.0000e+00	1.0000e+00	1.0000e+00	1.0000e+00	1.0000e+00	1.0000e+00	1.0000e+00	1.0000e+00	1.0000e+00	9.9999e-01	1.0000e+00	9.9999e-01	1.0000e+00	1.0000e+00	
931890    9.9999e-01	1.0000e+00	0.0000e+00	9.9557e-01	9.9755e-01	9.9687e-01	9.9698e-01	9.6234e-01	9.9870e-01	9.9698e-01	9.9608e-01	9.9568e-01	9.9889e-01	9.9635e-01	9.9535e-01	9.9905e-01	
930090    9.9999e-01	1.0000e+00	9.9557e-01	0.0000e+00	9.9705e-01	9.9708e-01	9.9648e-01	9.9558e-01	9.9895e-01	9.9682e-01	9.9588e-01	9.8065e-01	9.9904e-01	9.9606e-01	9.8097e-01	9.9941e-01	
717982    1.0000e+00	1.0000e+00	9.9755e-01	9.9705e-01	0.0000e+00	9.9714e-01	9.8726e-01	9.9750e-01	9.9901e-01	9.9513e-01	9.9295e-01	9.9721e-01	9.9913e-01	9.9329e-01	9.9697e-01	9.9941e-01	
684364    1.0000e+00	1.0000e+00	9.9687e-01	9.9708e-01	9.9714e-01	0.0000e+00	9.9644e-01	9.9687e-01	9.9841e-01	9.9661e-01	9.9594e-01	9.9715e-01	9.9848e-01	9.9615e-01	9.9688e-01	9.9903e-01	
578458    9.9999e-01	1.0000e+00	9.9698e-01	9.9648e-01	9.8726e-01	9.9644e-01	0.0000e+00	9.9688e-01	9.9879e-01	9.9404e-01	9.9071e-01	9.9657e-01	9.9895e-01	9.9108e-01	9.9633e-01	9.9932e-01	
559292    9.9999e-01	1.0000e+00	9.6234e-01	9.9558e-01	9.9750e-01	9.9687e-01	9.9688e-01	0.0000e+00	9.9869e-01	9.9703e-01	9.9601e-01	9.9555e-01	9.9891e-01	9.9627e-01	9.9532e-01	9.9917e-01	
556484    9.9999e-01	1.0000e+00	9.9870e-01	9.9895e-01	9.9901e-01	9.9841e-01	9.9879e-01	9.9869e-01	0.0000e+00	9.9884e-01	9.9854e-01	9.9898e-01	9.8389e-01	9.9862e-01	9.9888e-01	9.9813e-01	
418459    9.9999e-01	1.0000e+00	9.9698e-01	9.9682e-01	9.9513e-01	9.9661e-01	9.9404e-01	9.9703e-01	9.9884e-01	0.0000e+00	9.9327e-01	9.9692e-01	9.9893e-01	9.9361e-01	9.9671e-01	9.9925e-01	
367775    9.9999e-01	1.0000e+00	9.9608e-01	9.9588e-01	9.9295e-01	9.9594e-01	9.9071e-01	9.9601e-01	9.9854e-01	9.9327e-01	0.0000e+00	9.9610e-01	9.9873e-01	6.3798e-01	9.9571e-01	9.9911e-01	
332648    9.9999e-01	9.9999e-01	9.9568e-01	9.8065e-01	9.9721e-01	9.9715e-01	9.9657e-01	9.9555e-01	9.9898e-01	9.9692e-01	9.9610e-01	0.0000e+00	9.9910e-01	9.9624e-01	9.8146e-01	9.9946e-01	
296543    1.0000e+00	1.0000e+00	9.9889e-01	9.9904e-01	9.9913e-01	9.9848e-01	9.9895e-01	9.9891e-01	9.8389e-01	9.9893e-01	9.9873e-01	9.9910e-01	0.0000e+00	9.9880e-01	9.9904e-01	9.9824e-01	
283643    9.9998e-01	9.9999e-01	9.9635e-01	9.9606e-01	9.9329e-01	9.9615e-01	9.9108e-01	9.9627e-01	9.9862e-01	9.9361e-01	6.3798e-01	9.9624e-01	9.9880e-01	0.0000e+00	9.9588e-01	9.9919e-01	
227321    9.9999e-01	1.0000e+00	9.9535e-01	9.8097e-01	9.9697e-01	9.9688e-01	9.9633e-01	9.9532e-01	9.9888e-01	9.9671e-01	9.9571e-01	9.8146e-01	9.9904e-01	9.9588e-01	0.0000e+00	9.9943e-01	
1093141   9.9999e-01	1.0000e+00	9.9905e-01	9.9941e-01	9.9941e-01	9.9903e-01	9.9932e-01	9.9917e-01	9.9813e-01	9.9925e-01	9.9911e-01	9.9946e-01	9.9824e-01	9.9919e-01	9.9943e-01	0.0000e+00	
